   => Loading Basis Set <=

    Name: 3-21G
    Role: ORBITAL
    Keyword: BASIS
    atoms 1   entry O          line    90 file /home/jfhlewyee/.julia/conda/3/share/psi4/basis/3-21g.gbs 
    atoms 2-3 entry H          line    21 file /home/jfhlewyee/.julia/conda/3/share/psi4/basis/3-21g.gbs 

Hartree-Fock
============

Nitext Nitint Eelec Etot  Ediff maxdiff
  1   1   -75.38858857   -66.03397787     0.12900776     1.73778314 
  2  30   -84.62812094   -75.27351024    -0.07857018     0.48090570 
  3  30   -84.93759433   -75.58298363    -0.00063623     0.02867886 
  4  30   -84.93889781   -75.58428711    -0.00000087     0.00099880 
 
PNOF7 Calculation==================
 
Nitext Nitint Eelec Etot  Ediff maxdiff
  1   1   -84.94090975   -75.58629905 -10083.94090975     0.00244372 
  2  30   -84.86483587   -75.51022517     0.07607388     0.16688381 
  3  30   -84.96572462   -75.61111392    -0.10088875     0.00976869 
  4  30   -84.98144399   -75.62683328    -0.01571936     0.01451174 
  5  30   -84.98592435   -75.63131365    -0.00448036     0.01445460 
  6  30   -84.98929988   -75.63468917    -0.00337552     0.01336841 
  7  30   -84.99018256   -75.63557186    -0.00088269     0.01000825 
  8  30   -84.99035594   -75.63574523    -0.00017337     0.00913263 
  9  30   -84.99066948   -75.63605878    -0.00031354     0.00980961 
 10  30   -84.99064676   -75.63603605     0.00002273     0.01626239 
 11  30   -84.99331223   -75.63870152    -0.00266547     0.00949999 
 12  30   -84.99696431   -75.64235361    -0.00365208     0.01993328 
 13  30   -84.99942681   -75.64481610    -0.00246250     0.00279492 
 14  30   -84.99998621   -75.64537551    -0.00055941     0.00271268 
 15  30   -85.00050585   -75.64589514    -0.00051963     0.00259323 
 16  30   -85.00100689   -75.64639618    -0.00050104     0.00246483 
 17  30   -85.00152173   -75.64691103    -0.00051484     0.00232506 
 18  30   -85.00204265   -75.64743195    -0.00052093     0.00218834 
 19  30   -85.00254587   -75.64793517    -0.00050322     0.00205025 
 20  30   -85.00285171   -75.64824101    -0.00030584     0.00189985 
 21  30   -85.00311430   -75.64850360    -0.00026259     0.00176349 
 22  30   -85.00334692   -75.64873622    -0.00023262     0.00178100 
 23  30   -85.00355455   -75.64894384    -0.00020763     0.00150206 
 24  30   -85.00382218   -75.64921147    -0.00026763     0.00139395 
 25  30   -85.00404821   -75.64943751    -0.00022604     0.00137850 
 26  30   -85.00407142   -75.64946071    -0.00002320     0.00139169 
 27  30   -85.00408663   -75.64947592    -0.00001521     0.00139462 
 28  30   -85.00410112   -75.64949042    -0.00001450     0.00139657 
 29  30   -85.00411504   -75.64950434    -0.00001392     0.00139829 
 30  30   -85.00412845   -75.64951774    -0.00001340     0.00139972 
 31  30   -85.00414143   -75.64953072    -0.00001298     0.00140104 
 32  30   -85.00415409   -75.64954339    -0.00001266     0.00140212 
 33  30   -85.00416638   -75.64955568    -0.00001229     0.00140301 
 34  30   -85.00417838   -75.64956767    -0.00001200     0.00140392 
 35  30   -85.00419009   -75.64957938    -0.00001171     0.00140448 
 36  30   -85.00429047   -75.64967976    -0.00010038     0.00138150 
 37  30   -85.00444109   -75.64983039    -0.00015063     0.00183295 
 38  30   -85.00464548   -75.65003478    -0.00020439     0.00137410 
 39  30   -85.00470734   -75.65009664    -0.00006186     0.00136455 
 40  30   -85.00474382   -75.65013311    -0.00003648     0.00145192 
 41  30   -85.00478630   -75.65017560    -0.00004248     0.00134891 
 42  30   -85.00481411   -75.65020341    -0.00002781     0.00133788 
 43  30   -85.00485462   -75.65024392    -0.00004051     0.00132941 
 44  30   -85.00488449   -75.65027379    -0.00002987     0.00131859 
 45  30   -85.00491992   -75.65030922    -0.00003543     0.00130873 
 46  30   -85.00495115   -75.65034045    -0.00003123     0.00136171 
 47  30   -85.00498384   -75.65037314    -0.00003269     0.00128495 
 48  30   -85.00499472   -75.65038401    -0.00001088     0.00130909 
 49  30   -85.00499801   -75.65038730    -0.00000329     0.00130977 
 50  30   -85.00500125   -75.65039055    -0.00000324     0.00130885 
 51  30   -85.00500454   -75.65039383    -0.00000328     0.00130788 
 52  30   -85.00500776   -75.65039705    -0.00000322     0.00130671 
 53  30   -85.00501103   -75.65040032    -0.00000327     0.00130532 
 54  30   -85.00501423   -75.65040352    -0.00000320     0.00130417 
 55  30   -85.00501749   -75.65040678    -0.00000326     0.00130265 
 56  30   -85.00502067   -75.65040997    -0.00000319     0.00130150 
 57  30   -85.00502389   -75.65041318    -0.00000321     0.00129995 
 58  30   -85.00504858   -75.65043788    -0.00002469     0.00126290 
 59  30   -85.00507455   -75.65046385    -0.00002597     0.00129364 
 60  30   -85.00510643   -75.65049572    -0.00003188     0.00152208 
 61  30   -85.00514003   -75.65052933    -0.00003360     0.00121712 
 62  30   -85.00516272   -75.65055201    -0.00002269     0.00123906 
 63  30   -85.00519292   -75.65058222    -0.00003020     0.00118752 
 64  30   -85.00522308   -75.65061237    -0.00003015     0.00117210 
 65  30   -85.00524545   -75.65063474    -0.00002237     0.00115586 
 66  30   -85.00527161   -75.65066090    -0.00002616     0.00114000 
 67  30   -85.00529821   -75.65068750    -0.00002660     0.00112510 
 68  30   -85.00532002   -75.65070932    -0.00002181     0.00115357 
 69  30   -85.00533012   -75.65071942    -0.00001011     0.00112876 
 70  30   -85.00533253   -75.65072183    -0.00000240     0.00112963 
 71  30   -85.00533503   -75.65072433    -0.00000250     0.00112850 
 72  30   -85.00533745   -75.65072675    -0.00000242     0.00112694 
 73  30   -85.00533991   -75.65072920    -0.00000245     0.00112535 
 74   9   -85.00534055   -75.65072984    -0.00000064     0.00112527 
 75  30   -85.00534299   -75.65073228    -0.00000244     0.00112330 
 76  30   -85.00534540   -75.65073469    -0.00000241     0.00112178 
 77  30   -85.00534781   -75.65073711    -0.00000241     0.00112015 
 78  30   -85.00535012   -75.65073942    -0.00000231     0.00111842 
 79  30   -85.00536358   -75.65075288    -0.00001345     0.00108180 
 80  30   -85.00538876   -75.65077805    -0.00002518     0.00125964 
 81  30   -85.00540356   -75.65079286    -0.00001481     0.00155700 
 82  30   -85.00543175   -75.65082105    -0.00002819     0.00102906 
 83  30   -85.00545054   -75.65083983    -0.00001879     0.00101206 
 84  30   -85.00549386   -75.65088315    -0.00004332     0.00119165 
 85  30   -85.00562159   -75.65101089    -0.00012773     0.00133442 
 86  30   -85.00572527   -75.65111457    -0.00010368     0.00092342 
 87  30   -85.00579306   -75.65118236    -0.00006779     0.00146575 
 88  30   -85.00584292   -75.65123221    -0.00004985     0.00121101 
 89  30   -85.00585962   -75.65124891    -0.00001670     0.00047999 
 90  30   -85.00586450   -75.65125379    -0.00000488     0.00047794 
 91  30   -85.00586901   -75.65125830    -0.00000451     0.00047013 
 92  30   -85.00587332   -75.65126262    -0.00000432     0.00046096 
 93  30   -85.00587740   -75.65126669    -0.00000407     0.00045151 
 94  30   -85.00588131   -75.65127061    -0.00000391     0.00044246 
 95  30   -85.00588505   -75.65127434    -0.00000374     0.00043301 
 96  30   -85.00588861   -75.65127791    -0.00000356     0.00042402 
 97  30   -85.00589211   -75.65128140    -0.00000350     0.00041510 
 98  30   -85.00589534   -75.65128464    -0.00000323     0.00040609 
 99  30   -85.00589578   -75.65128507    -0.00000044     0.00041280 
100  30   -85.00589610   -75.65128540    -0.00000033     0.00041271 
101  30   -85.00589643   -75.65128573    -0.00000032     0.00041196 
102  30   -85.00589675   -75.65128605    -0.00000032     0.00041115 
103  30   -85.00589707   -75.65128637    -0.00000032     0.00041029 
104  30   -85.00589739   -75.65128669    -0.00000032     0.00040941 
105  30   -85.00589771   -75.65128701    -0.00000032     0.00040852 
106  30   -85.00589803   -75.65128732    -0.00000032     0.00040761 
107  30   -85.00589834   -75.65128764    -0.00000032     0.00040672 
108  30   -85.00589866   -75.65128795    -0.00000031     0.00040581 
109  30   -85.00590158   -75.65129087    -0.00000292     0.00038980 
110  30   -85.00590441   -75.65129371    -0.00000283     0.00038060 
111  30   -85.00590723   -75.65129652    -0.00000282     0.00037238 
112  30   -85.00590986   -75.65129915    -0.00000263     0.00036420 
113  30   -85.00591237   -75.65130167    -0.00000252     0.00035637 
114  30   -85.00591484   -75.65130414    -0.00000247     0.00034858 
115  30   -85.00591707   -75.65130637    -0.00000223     0.00034109 
116  30   -85.00591934   -75.65130864    -0.00000226     0.00033378 
117  30   -85.00592144   -75.65131074    -0.00000210     0.00032642 
118  30   -85.00592346   -75.65131275    -0.00000202     0.00031925 
119  30   -85.00592378   -75.65131307    -0.00000032     0.00032459 
120  30   -85.00592398   -75.65131327    -0.00000020     0.00032449 
121  30   -85.00592418   -75.65131347    -0.00000020     0.00032393 
122  30   -85.00592438   -75.65131367    -0.00000020     0.00032325 
123  30   -85.00592457   -75.65131387    -0.00000020     0.00032256 
124  30   -85.00592477   -75.65131407    -0.00000020     0.00032187 
125  30   -85.00592497   -75.65131426    -0.00000020     0.00032116 
126  30   -85.00592516   -75.65131446    -0.00000019     0.00032044 
127  30   -85.00592536   -75.65131465    -0.00000019     0.00031972 
128  30   -85.00592555   -75.65131485    -0.00000019     0.00031901 
129  30   -85.00592735   -75.65131665    -0.00000180     0.00030625 
130  30   -85.00592912   -75.65131842    -0.00000178     0.00029913 
131  30   -85.00593082   -75.65132011    -0.00000169     0.00029255 
132  30   -85.00593244   -75.65132173    -0.00000162     0.00028591 
133  30   -85.00593403   -75.65132332    -0.00000159     0.00027965 
134  30   -85.00593545   -75.65132475    -0.00000143     0.00027370 
135  30   -85.00593691   -75.65132621    -0.00000146     0.00026757 
136  30   -85.00593826   -75.65132755    -0.00000134     0.00026166 
137  30   -85.00593952   -75.65132882    -0.00000126     0.00025597 
138  30   -85.00594078   -75.65133008    -0.00000126     0.00025044 
139  30   -85.00594200   -75.65133130    -0.00000122     0.00024508 
140  30   -85.00594314   -75.65133244    -0.00000114     0.00023947 
141  30   -85.00594423   -75.65133352    -0.00000109     0.00023417 
142  30   -85.00594441   -75.65133371    -0.00000018     0.00023799 
143  30   -85.00594452   -75.65133382    -0.00000011     0.00023798 
144  30   -85.00594463   -75.65133393    -0.00000011     0.00023754 
145  30   -85.00594474   -75.65133403    -0.00000011     0.00023704 
146  30   -85.00594484   -75.65133414    -0.00000011     0.00023654 
147  30   -85.00594495   -75.65133425    -0.00000011     0.00023601 
148  30   -85.00594505   -75.65133435    -0.00000011     0.00023549 
149  30   -85.00594516   -75.65133446    -0.00000010     0.00023495 
150  30   -85.00594526   -75.65133456    -0.00000010     0.00023444 
151  30   -85.00594537   -75.65133466    -0.00000010     0.00023391 
152  30   -85.00594627   -75.65133557    -0.00000090     0.00022457 
153  30   -85.00594725   -75.65133655    -0.00000099     0.00021903 
154  30   -85.00594815   -75.65133744    -0.00000089     0.00021395 
155  30   -85.00594904   -75.65133833    -0.00000089     0.00020939 
156  30   -85.00594987   -75.65133917    -0.00000083     0.00020487 
157  30   -85.00595067   -75.65133996    -0.00000080     0.00020035 
158  30   -85.00595139   -75.65134069    -0.00000072     0.00019592 
159  30   -85.00595215   -75.65134144    -0.00000076     0.00019146 
160  30   -85.00595285   -75.65134215    -0.00000070     0.00018747 
161  30   -85.00595346   -75.65134276    -0.00000062     0.00018299 
162  30   -85.00595365   -75.65134295    -0.00000019     0.00018620 
163  30   -85.00595372   -75.65134302    -0.00000007     0.00018613 
164  30   -85.00595379   -75.65134308    -0.00000007     0.00018579 
165  30   -85.00595385   -75.65134315    -0.00000007     0.00018543 
166  30   -85.00595392   -75.65134322    -0.00000007     0.00018501 
167  30   -85.00595398   -75.65134328    -0.00000006     0.00018460 
168  30   -85.00595405   -75.65134334    -0.00000006     0.00018421 
169  30   -85.00595411   -75.65134341    -0.00000006     0.00018379 
170  30   -85.00595418   -75.65134347    -0.00000006     0.00018336 
171  30   -85.00595424   -75.65134354    -0.00000006     0.00018296 
172  30   -85.00595430   -75.65134360    -0.00000006     0.00018253 
173  30   -85.00595437   -75.65134366    -0.00000006     0.00018215 
174  30   -85.00595493   -75.65134422    -0.00000056     0.00017475 
175  30   -85.00595544   -75.65134474    -0.00000051     0.00017060 
176  30   -85.00595603   -75.65134533    -0.00000059     0.00016665 
177  30   -85.00595658   -75.65134588    -0.00000055     0.00016303 
178  30   -85.00595706   -75.65134636    -0.00000048     0.00015923 
179  30   -85.00595755   -75.65134684    -0.00000048     0.00015575 
180  30   -85.00595803   -75.65134733    -0.00000048     0.00015250 
181  30   -85.00595845   -75.65134775    -0.00000042     0.00014913 
182  30   -85.00595883   -75.65134813    -0.00000038     0.00014604 
183  30   -85.00595923   -75.65134853    -0.00000040     0.00016324 
184  16   -85.00595949   -75.65134878    -0.00000025     0.00016399 
185  30   -85.00595986   -75.65134916    -0.00000037     0.00013783 
186  30   -85.00595997   -75.65134926    -0.00000011     0.00014001 
187  30   -85.00596000   -75.65134930    -0.00000004     0.00013992 
188  30   -85.00596004   -75.65134934    -0.00000004     0.00013966 
189  30   -85.00596008   -75.65134937    -0.00000004     0.00013936 
190  30   -85.00596011   -75.65134941    -0.00000004     0.00013907 
191  30   -85.00596015   -75.65134945    -0.00000004     0.00013874 
192  30   -85.00596019   -75.65134948    -0.00000004     0.00013845 
193  30   -85.00596022   -75.65134952    -0.00000004     0.00013811 
194  30   -85.00596026   -75.65134956    -0.00000004     0.00013780 
195  30   -85.00596030   -75.65134959    -0.00000004     0.00013750 
196  30   -85.00596033   -75.65134963    -0.00000004     0.00013719 
197  30   -85.00596058   -75.65134987    -0.00000024     0.00013176 
198  30   -85.00596095   -75.65135024    -0.00000037     0.00012828 
199  30   -85.00596124   -75.65135054    -0.00000030     0.00013110 
200  30   -85.00596153   -75.65135083    -0.00000029     0.00012927 
201  30   -85.00596185   -75.65135114    -0.00000031     0.00011996 
202   1   -85.00596185   -75.65135114    -0.00000000     0.00012042 
203  30   -85.00596214   -75.65135143    -0.00000029     0.00011739 
204  30   -85.00596235   -75.65135165    -0.00000021     0.00014550 
205  30   -85.00596261   -75.65135190    -0.00000025     0.00014630 
206  30   -85.00596284   -75.65135214    -0.00000024     0.00014131 
207  30   -85.00596310   -75.65135240    -0.00000025     0.00010741 
208  30   -85.00596327   -75.65135257    -0.00000017     0.00012214 
209  30   -85.00596340   -75.65135270    -0.00000013     0.00010652 
210  30   -85.00596342   -75.65135272    -0.00000002     0.00010649 
211  30   -85.00596344   -75.65135274    -0.00000002     0.00010628 
212  30   -85.00596346   -75.65135276    -0.00000002     0.00010607 
213  30   -85.00596349   -75.65135278    -0.00000002     0.00010583 
214   8   -85.00596349   -75.65135279    -0.00000000     0.00010582 
215  30   -85.00596351   -75.65135281    -0.00000002     0.00010557 
216  30   -85.00596353   -75.65135283    -0.00000002     0.00010530 
217  30   -85.00596356   -75.65135285    -0.00000002     0.00010505 
218  10   -85.00596356   -75.65135286    -0.00000001     0.00010500 
219  24   -85.00596365   -75.65135294    -0.00000008     0.00013692 
220  30   -85.00596442   -75.65135372    -0.00000077     0.00013081 
221  30   -85.00596556   -75.65135486    -0.00000114     0.00014880 
222  30   -85.00596637   -75.65135567    -0.00000081     0.00008236 
223  30   -85.00596686   -75.65135616    -0.00000049     0.00010660 
224  30   -85.00596722   -75.65135652    -0.00000036     0.00010306 
225  30   -85.00596748   -75.65135678    -0.00000026     0.00013619 
226  30   -85.00596767   -75.65135696    -0.00000019     0.00016283 
227  30   -85.00596777   -75.65135707    -0.00000010     0.00017955 
228  30   -85.00596786   -75.65135715    -0.00000009     0.00012657 
229  20   -85.00596795   -75.65135724    -0.00000009     0.00001911 
230   3   -85.00596795   -75.65135724    -0.00000000     0.00001926 
231   2   -85.00596795   -75.65135725    -0.00000000     0.00002316 
232   6   -85.00596795   -75.65135725    -0.00000000     0.00001934 
233   3   -85.00596795   -75.65135725    -0.00000000     0.00001934 
234  13   -85.00596796   -75.65135725    -0.00000000     0.00001990 
235   3   -85.00596796   -75.65135725    -0.00000000     0.00001923 
236   4   -85.00596796   -75.65135725    -0.00000000     0.00001918 
237  20   -85.00596796   -75.65135726    -0.00000000     0.00001897 
238   3   -85.00596796   -75.65135726    -0.00000000     0.00001936 
239   9   -85.00596797   -75.65135726    -0.00000000     0.00001885 
240   3   -85.00596797   -75.65135726    -0.00000000     0.00001885 
241   5   -85.00596797   -75.65135726    -0.00000000     0.00001898 
242   1   -85.00596797   -75.65135726    -0.00000000     0.00001900 
243   1   -85.00596797   -75.65135726    -0.00000000     0.00001901 
244   1   -85.00596797   -75.65135726    -0.00000000     0.00001903 
245   1   -85.00596797   -75.65135726    -0.00000000     0.00001904 
246   1   -85.00596797   -75.65135726    -0.00000000     0.00001905 
247   1   -85.00596797   -75.65135726    -0.00000000     0.00001906 
248   1   -85.00596797   -75.65135726    -0.00000000     0.00001907 
249   1   -85.00596797   -75.65135726    -0.00000000     0.00001908 
250   1   -85.00596797   -75.65135726    -0.00000000     0.00001909 
251   1   -85.00596797   -75.65135726    -0.00000000     0.00001909 
252   3   -85.00596797   -75.65135726    -0.00000000     0.00001899 
253   3   -85.00596797   -75.65135726     0.00000000     0.00001890 
254  13   -85.00596797   -75.65135727    -0.00000000     0.00001863 
255   4   -85.00596797   -75.65135727    -0.00000000     0.00001859 
256   5   -85.00596797   -75.65135727    -0.00000000     0.00001853 
257   3   -85.00596797   -75.65135727    -0.00000000     0.00001850 
258   4   -85.00596797   -75.65135727    -0.00000000     0.00001843 
259   5   -85.00596798   -75.65135727    -0.00000000     0.00001835 
260   3   -85.00596798   -75.65135727    -0.00000000     0.00001835 
261   5   -85.00596798   -75.65135727    -0.00000000     0.00001826 
262   4   -85.00596798   -75.65135727    -0.00000000     0.00001820 
263   4   -85.00596798   -75.65135728    -0.00000000     0.00001830 
264   2   -85.00596798   -75.65135728    -0.00000000     0.00001834 
265   1   -85.00596798   -75.65135728    -0.00000000     0.00001836 
266   1   -85.00596798   -75.65135728    -0.00000000     0.00001837 
267   1   -85.00596798   -75.65135728    -0.00000000     0.00001838 
268   1   -85.00596798   -75.65135728    -0.00000000     0.00001839 
269   1   -85.00596798   -75.65135728    -0.00000000     0.00001840 
270   1   -85.00596798   -75.65135728    -0.00000000     0.00001840 
271   1   -85.00596798   -75.65135728    -0.00000000     0.00001841 
272   1   -85.00596798   -75.65135728    -0.00000000     0.00001841 
273   1   -85.00596798   -75.65135728    -0.00000000     0.00001842 
274   1   -85.00596798   -75.65135728    -0.00000000     0.00001842 
275   3   -85.00596798   -75.65135728    -0.00000000     0.00001830 
276   1   -85.00596798   -75.65135728    -0.00000000     0.00001828 
277   9   -85.00596798   -75.65135728    -0.00000000     0.00001805 
278   2   -85.00596798   -75.65135728    -0.00000000     0.00001805 
279   3   -85.00596798   -75.65135728    -0.00000000     0.00001800 
280   6   -85.00596798   -75.65135728    -0.00000000     0.00001788 
281   3   -85.00596798   -75.65135728    -0.00000000     0.00001785 
282   3   -85.00596799   -75.65135728    -0.00000000     0.00001780 
283   1   -85.00596799   -75.65135728     0.00000000     0.00001780 
284   8   -85.00596799   -75.65135728    -0.00000000     0.00001769 
285   6   -85.00596799   -75.65135728    -0.00000000     0.00001761 
286   1   -85.00596799   -75.65135728     0.00000000     0.00001760 
287   5   -85.00596799   -75.65135729    -0.00000000     0.00001771 
288   1   -85.00596799   -75.65135729    -0.00000000     0.00001772 
289   1   -85.00596799   -75.65135729    -0.00000000     0.00001774 
290   1   -85.00596799   -75.65135729    -0.00000000     0.00001775 
291   1   -85.00596799   -75.65135729    -0.00000000     0.00001776 
292   1   -85.00596799   -75.65135729    -0.00000000     0.00001776 
293   1   -85.00596799   -75.65135729    -0.00000000     0.00001777 
294   1   -85.00596799   -75.65135729    -0.00000000     0.00001778 
295   1   -85.00596799   -75.65135729    -0.00000000     0.00001779 
296   1   -85.00596799   -75.65135729    -0.00000000     0.00001779 
297   1   -85.00596799   -75.65135729    -0.00000000     0.00001779 
298   1   -85.00596799   -75.65135729    -0.00000000     0.00001779 
299   1   -85.00596799   -75.65135729    -0.00000000     0.00001780 
300   2   -85.00596799   -75.65135729    -0.00000000     0.00001772 
301   1   -85.00596799   -75.65135729     0.00000000     0.00001769 
302   6   -85.00596799   -75.65135729    -0.00000000     0.00001753 
303   3   -85.00596799   -75.65135729    -0.00000000     0.00001962 
304  11   -85.00596799   -75.65135729    -0.00000000     0.00001729 
305   1   -85.00596799   -75.65135729    -0.00000000     0.00001728 
306  19   -85.00596800   -75.65135729    -0.00000000     0.00001698 
307   1   -85.00596800   -75.65135729    -0.00000000     0.00001700 
308   1   -85.00596800   -75.65135729     0.00000000     0.00001699 
309   3   -85.00596800   -75.65135729    -0.00000000     0.00001696 
310   7   -85.00596800   -75.65135730    -0.00000000     0.00001710 
311   1   -85.00596800   -75.65135730    -0.00000000     0.00001711 
312   1   -85.00596800   -75.65135730    -0.00000000     0.00001712 
313   1   -85.00596800   -75.65135730    -0.00000000     0.00001712 
314   1   -85.00596800   -75.65135730    -0.00000000     0.00001713 
315   1   -85.00596800   -75.65135730    -0.00000000     0.00001713 
316   1   -85.00596800   -75.65135730    -0.00000000     0.00001714 
317   1   -85.00596800   -75.65135730    -0.00000000     0.00001714 
318   1   -85.00596800   -75.65135730    -0.00000000     0.00001715 
319   1   -85.00596800   -75.65135730    -0.00000000     0.00001715 
320   3   -85.00596800   -75.65135730    -0.00000000     0.00001705 
321   8   -85.00596800   -75.65135730    -0.00000000     0.00001684 
322   1   -85.00596800   -75.65135730    -0.00000000     0.00001684 
323   1   -85.00596800   -75.65135730    -0.00000000     0.00001683 
324   2   -85.00596800   -75.65135730    -0.00000000     0.00001680 
325   5   -85.00596800   -75.65135730    -0.00000000     0.00001897 
326   7   -85.00596800   -75.65135730    -0.00000000     0.00001661 
327   1   -85.00596800   -75.65135730    -0.00000000     0.00001661 
328   1   -85.00596800   -75.65135730    -0.00000000     0.00001660 
329   1   -85.00596800   -75.65135730    -0.00000000     0.00001659 
330   6   -85.00596800   -75.65135730    -0.00000000     0.00001669 
331   1   -85.00596800   -75.65135730    -0.00000000     0.00001671 
332   1   -85.00596800   -75.65135730    -0.00000000     0.00001672 
333   1   -85.00596800   -75.65135730    -0.00000000     0.00001673 
334   1   -85.00596800   -75.65135730    -0.00000000     0.00001673 
335   1   -85.00596800   -75.65135730    -0.00000000     0.00001674 
336   1   -85.00596800   -75.65135730    -0.00000000     0.00001674 
337   1   -85.00596800   -75.65135730    -0.00000000     0.00001675 
338   1   -85.00596801   -75.65135730    -0.00000000     0.00001675 
339   1   -85.00596801   -75.65135730    -0.00000000     0.00001676 
340  11   -85.00596801   -75.65135730    -0.00000000     0.00001645 
341   4   -85.00596801   -75.65135730    -0.00000000     0.00001641 
342   2   -85.00596801   -75.65135730    -0.00000000     0.00001636 
343   3   -85.00596801   -75.65135730    -0.00000000     0.00001631 
344   3   -85.00596801   -75.65135730    -0.00000000     0.00001628 
345   2   -85.00596801   -75.65135730    -0.00000000     0.00001627 
346   4   -85.00596801   -75.65135731    -0.00000000     0.00001647 
347   6   -85.00596801   -75.65135731    -0.00000000     0.00001614 
348   5   -85.00596801   -75.65135731    -0.00000000     0.00001607 
349   5   -85.00596801   -75.65135731    -0.00000000     0.00001755 
350  13   -85.00596801   -75.65135731    -0.00000000     0.00001583 
351   1   -85.00596801   -75.65135731    -0.00000000     0.00001582 
352   4   -85.00596801   -75.65135731    -0.00000000     0.00001590 
353   1   -85.00596801   -75.65135731    -0.00000000     0.00001592 
354   1   -85.00596802   -75.65135731    -0.00000000     0.00001593 
355   1   -85.00596802   -75.65135731    -0.00000000     0.00001594 
356   1   -85.00596802   -75.65135731    -0.00000000     0.00001595 
357   1   -85.00596802   -75.65135731    -0.00000000     0.00001596 
358   1   -85.00596802   -75.65135731    -0.00000000     0.00001597 
359   1   -85.00596802   -75.65135731    -0.00000000     0.00001598 
360   1   -85.00596802   -75.65135731    -0.00000000     0.00001599 
361   1   -85.00596802   -75.65135731    -0.00000000     0.00001599 
362   2   -85.00596802   -75.65135731    -0.00000000     0.00001593 
363   7   -85.00596802   -75.65135731    -0.00000000     0.00001575 
364   6   -85.00596802   -75.65135731    -0.00000000     0.00001568 
365   1   -85.00596802   -75.65135731     0.00000000     0.00001567 
366   6   -85.00596802   -75.65135731    -0.00000000     0.00001571 
367   7   -85.00596802   -75.65135732    -0.00000000     0.00001549 
368   1   -85.00596802   -75.65135732    -0.00000000     0.00001726 
369   1   -85.00596802   -75.65135732    -0.00000000     0.00001546 
370   4   -85.00596802   -75.65135732    -0.00000000     0.00001542 
371   6   -85.00596802   -75.65135732    -0.00000000     0.00001763 
372   2   -85.00596802   -75.65135732    -0.00000000     0.00001534 
373   5   -85.00596802   -75.65135732    -0.00000000     0.00001527 
374   4   -85.00596802   -75.65135732    -0.00000000     0.00001536 
375   1   -85.00596802   -75.65135732    -0.00000000     0.00001537 
376   1   -85.00596802   -75.65135732    -0.00000000     0.00001538 
377   1   -85.00596802   -75.65135732    -0.00000000     0.00001539 
378   1   -85.00596802   -75.65135732    -0.00000000     0.00001540 
379   1   -85.00596802   -75.65135732    -0.00000000     0.00001541 
380   1   -85.00596802   -75.65135732    -0.00000000     0.00001541 
381   1   -85.00596802   -75.65135732    -0.00000000     0.00001542 
382   1   -85.00596802   -75.65135732    -0.00000000     0.00001543 
383   1   -85.00596802   -75.65135732    -0.00000000     0.00001543 
384   1   -85.00596802   -75.65135732    -0.00000000     0.00001543 
385   1   -85.00596802   -75.65135732    -0.00000000     0.00001543 
386   3   -85.00596802   -75.65135732    -0.00000000     0.00001534 
387   5   -85.00596802   -75.65135732    -0.00000000     0.00001521 
388   1   -85.00596802   -75.65135732    -0.00000000     0.00001520 
389   2   -85.00596802   -75.65135732    -0.00000000     0.00001518 
390   3   -85.00596802   -75.65135732    -0.00000000     0.00001514 
391   1   -85.00596802   -75.65135732    -0.00000000     0.00001511 
392   1   -85.00596802   -75.65135732    -0.00000000     0.00001667 
393  18   -85.00596803   -75.65135732    -0.00000000     0.00001483 
394   4   -85.00596803   -75.65135732    -0.00000000     0.00001482 
395   6   -85.00596803   -75.65135733    -0.00000000     0.00001660 
396   2   -85.00596803   -75.65135733    -0.00000000     0.00001580 
397   1   -85.00596803   -75.65135733    -0.00000000     0.00001484 
398   1   -85.00596803   -75.65135733    -0.00000000     0.00001484 
399   1   -85.00596803   -75.65135733    -0.00000000     0.00001485 
400   1   -85.00596803   -75.65135733    -0.00000000     0.00001486 
401   1   -85.00596803   -75.65135733    -0.00000000     0.00001487 
402   1   -85.00596803   -75.65135733    -0.00000000     0.00001488 
403   1   -85.00596803   -75.65135733    -0.00000000     0.00001489 
404   1   -85.00596803   -75.65135733    -0.00000000     0.00001489 
405   1   -85.00596803   -75.65135733    -0.00000000     0.00001490 
406   1   -85.00596803   -75.65135733    -0.00000000     0.00001490 
407   2   -85.00596803   -75.65135733    -0.00000000     0.00001857 
408   1   -85.00596803   -75.65135733    -0.00000000     0.00001482 
409   1   -85.00596803   -75.65135733     0.00000000     0.00001479 
410   4   -85.00596803   -75.65135733    -0.00000000     0.00001720 
411   5   -85.00596803   -75.65135733    -0.00000000     0.00001463 
412   1   -85.00596803   -75.65135733    -0.00000000     0.00001462 
413   2   -85.00596803   -75.65135733     0.00000000     0.00001459 
414   3   -85.00596803   -75.65135733    -0.00000000     0.00001745 
415   4   -85.00596803   -75.65135733    -0.00000000     0.00001451 
416   1   -85.00596803   -75.65135733     0.00000000     0.00001717 
417   5   -85.00596803   -75.65135733    -0.00000000     0.00001457 
418   1   -85.00596803   -75.65135733    -0.00000000     0.00001458 
419   1   -85.00596803   -75.65135733    -0.00000000     0.00001459 
420   1   -85.00596803   -75.65135733    -0.00000000     0.00001460 
421   1   -85.00596803   -75.65135733    -0.00000000     0.00001461 
422   1   -85.00596803   -75.65135733    -0.00000000     0.00001462 
423   1   -85.00596803   -75.65135733    -0.00000000     0.00001463 
424   1   -85.00596803   -75.65135733    -0.00000000     0.00001463 
425   1   -85.00596803   -75.65135733    -0.00000000     0.00001464 
426   1   -85.00596803   -75.65135733    -0.00000000     0.00001464 
427   1   -85.00596803   -75.65135733    -0.00000000     0.00001465 
428   1   -85.00596803   -75.65135733    -0.00000000     0.00001465 
429   1   -85.00596803   -75.65135733    -0.00000000     0.00001465 
430   1   -85.00596803   -75.65135733    -0.00000000     0.00001465 
431   1   -85.00596803   -75.65135733    -0.00000000     0.00001465 
432   3   -85.00596803   -75.65135733    -0.00000000     0.00001456 
433   6   -85.00596803   -75.65135733    -0.00000000     0.00001645 
434   9   -85.00596803   -75.65135733    -0.00000000     0.00001562 
435   2   -85.00596804   -75.65135733    -0.00000000     0.00001425 
436   1   -85.00596804   -75.65135733     0.00000000     0.00001425 
437   3   -85.00596804   -75.65135733    -0.00000000     0.00001421 
438   1   -85.00596804   -75.65135733     0.00000000     0.00001421 
439   3   -85.00596804   -75.65135733    -0.00000000     0.00001417 
440   5   -85.00596804   -75.65135733    -0.00000000     0.00001568 
441   3   -85.00596804   -75.65135733    -0.00000000     0.00001407 
442   3   -85.00596804   -75.65135733    -0.00000000     0.00001414 
443   1   -85.00596804   -75.65135733    -0.00000000     0.00001415 
444   1   -85.00596804   -75.65135733    -0.00000000     0.00001417 
445   1   -85.00596804   -75.65135733    -0.00000000     0.00001418 
446   1   -85.00596804   -75.65135733    -0.00000000     0.00001419 
447   1   -85.00596804   -75.65135733    -0.00000000     0.00001420 
448   1   -85.00596804   -75.65135733    -0.00000000     0.00001421 
449   1   -85.00596804   -75.65135733    -0.00000000     0.00001421 
450   1   -85.00596804   -75.65135733    -0.00000000     0.00001422 
451   1   -85.00596804   -75.65135733    -0.00000000     0.00001422 
452   1   -85.00596804   -75.65135733    -0.00000000     0.00001420 
453   1   -85.00596804   -75.65135733     0.00000000     0.00001416 
454   5   -85.00596804   -75.65135734    -0.00000000     0.00001678 
455   2   -85.00596804   -75.65135734    -0.00000000     0.00001571 
456   3   -85.00596804   -75.65135734    -0.00000000     0.00001397 
457   1   -85.00596804   -75.65135734    -0.00000000     0.00001398 
458   1   -85.00596804   -75.65135734    -0.00000000     0.00001404 
459   1   -85.00596804   -75.65135734    -0.00000000     0.00001393 
460   1   -85.00596804   -75.65135734     0.00000000     0.00001393 
461   2   -85.00596804   -75.65135734    -0.00000000     0.00001467 
462   1   -85.00596804   -75.65135734     0.00000000     0.00001711 
463   4   -85.00596804   -75.65135734    -0.00000000     0.00001395 
464   1   -85.00596804   -75.65135734    -0.00000000     0.00001396 
465   1   -85.00596804   -75.65135734    -0.00000000     0.00001397 
466   1   -85.00596804   -75.65135734    -0.00000000     0.00001398 
467   1   -85.00596804   -75.65135734    -0.00000000     0.00001399 
468   1   -85.00596804   -75.65135734    -0.00000000     0.00001399 
469   1   -85.00596804   -75.65135734    -0.00000000     0.00001400 
470   1   -85.00596804   -75.65135734    -0.00000000     0.00001401 
471   1   -85.00596804   -75.65135734    -0.00000000     0.00001401 
472   1   -85.00596804   -75.65135734    -0.00000000     0.00001401 
473   1   -85.00596804   -75.65135734    -0.00000000     0.00001402 
474   1   -85.00596804   -75.65135734    -0.00000000     0.00001402 
475   1   -85.00596804   -75.65135734    -0.00000000     0.00001402 
476   1   -85.00596804   -75.65135734    -0.00000000     0.00001399 
477   4   -85.00596804   -75.65135734     0.00000000     0.00001570 
478   7   -85.00596804   -75.65135734    -0.00000000     0.00001374 
479  10   -85.00596804   -75.65135734    -0.00000000     0.00001363 
480   3   -85.00596804   -75.65135734    -0.00000000     0.00001382 
481  10   -85.00596804   -75.65135734    -0.00000000     0.00001347 
482   1   -85.00596804   -75.65135734     0.00000000     0.00001349 
483   3   -85.00596804   -75.65135734    -0.00000000     0.00001409 
484   4   -85.00596804   -75.65135734    -0.00000000     0.00001686 
485  10   -85.00596805   -75.65135734    -0.00000000     0.00001329 
486   3   -85.00596805   -75.65135734    -0.00000000     0.00001510 
487   3   -85.00596805   -75.65135734    -0.00000000     0.00001340 
488   1   -85.00596805   -75.65135734    -0.00000000     0.00001332 
489   1   -85.00596805   -75.65135734    -0.00000000     0.00001334 
490   1   -85.00596805   -75.65135734    -0.00000000     0.00001335 
491   1   -85.00596805   -75.65135734    -0.00000000     0.00001336 
492   1   -85.00596805   -75.65135734    -0.00000000     0.00001337 
493   1   -85.00596805   -75.65135734    -0.00000000     0.00001338 
494   1   -85.00596805   -75.65135734    -0.00000000     0.00001339 
495   1   -85.00596805   -75.65135734    -0.00000000     0.00001340 
496   1   -85.00596805   -75.65135734    -0.00000000     0.00001340 
497   1   -85.00596805   -75.65135734    -0.00000000     0.00001341 
498   1   -85.00596805   -75.65135734    -0.00000000     0.00001341 
499   1   -85.00596805   -75.65135734    -0.00000000     0.00001339 
500   1   -85.00596805   -75.65135734     0.00000000     0.00001335 
501   1   -85.00596805   -75.65135734     0.00000000     0.00001334 
502  17   -85.00596805   -75.65135735    -0.00000000     0.00001305 
503   1   -85.00596805   -75.65135735    -0.00000000     0.00001307 
504   1   -85.00596805   -75.65135735    -0.00000000     0.00001371 
505   3   -85.00596805   -75.65135735    -0.00000000     0.00001365 
506   1   -85.00596805   -75.65135735     0.00000000     0.00001302 
507   4   -85.00596805   -75.65135735    -0.00000000     0.00001861 
508   2   -85.00596805   -75.65135735    -0.00000000     0.00001296 
509   4   -85.00596805   -75.65135735    -0.00000000     0.00001302 
510   1   -85.00596805   -75.65135735    -0.00000000     0.00001305 
511   1   -85.00596805   -75.65135735    -0.00000000     0.00001305 
512   1   -85.00596805   -75.65135735    -0.00000000     0.00001307 
513   1   -85.00596805   -75.65135735    -0.00000000     0.00001306 
514   1   -85.00596805   -75.65135735    -0.00000000     0.00001308 
515   1   -85.00596805   -75.65135735    -0.00000000     0.00001307 
516   1   -85.00596805   -75.65135735    -0.00000000     0.00001308 
517   1   -85.00596805   -75.65135735    -0.00000000     0.00001308 
518   1   -85.00596805   -75.65135735    -0.00000000     0.00001309 
519   1   -85.00596805   -75.65135735    -0.00000000     0.00001309 
520   1   -85.00596805   -75.65135735    -0.00000000     0.00001310 
521   1   -85.00596805   -75.65135735    -0.00000000     0.00001306 
522   6   -85.00596805   -75.65135735    -0.00000000     0.00001363 
523   6   -85.00596805   -75.65135735    -0.00000000     0.00001475 
524   1   -85.00596805   -75.65135735    -0.00000000     0.00001749 
525   2   -85.00596805   -75.65135735    -0.00000000     0.00001279 
526   1   -85.00596805   -75.65135735    -0.00000000     0.00001620 
527  15   -85.00596805   -75.65135735    -0.00000000     0.00001579 
528   1   -85.00596805   -75.65135735    -0.00000000     0.00001261 
529   1   -85.00596805   -75.65135735     0.00000000     0.00001262 
530   1   -85.00596805   -75.65135735     0.00000000     0.00001260 
531   5   -85.00596806   -75.65135735    -0.00000000     0.00001268 
532   1   -85.00596806   -75.65135735    -0.00000000     0.00001269 
533   1   -85.00596806   -75.65135735    -0.00000000     0.00001270 
534   1   -85.00596806   -75.65135735    -0.00000000     0.00001271 
535   1   -85.00596806   -75.65135735    -0.00000000     0.00001272 
536   1   -85.00596806   -75.65135735    -0.00000000     0.00001272 
537   1   -85.00596806   -75.65135735    -0.00000000     0.00001273 
538   1   -85.00596806   -75.65135735    -0.00000000     0.00001273 
539   1   -85.00596806   -75.65135735    -0.00000000     0.00001274 
540   1   -85.00596806   -75.65135735    -0.00000000     0.00001274 
541   1   -85.00596806   -75.65135735    -0.00000000     0.00001274 
542   1   -85.00596806   -75.65135735    -0.00000000     0.00001271 
543   1   -85.00596806   -75.65135735    -0.00000000     0.00001269 
544   1   -85.00596806   -75.65135735     0.00000000     0.00001267 
545   2   -85.00596806   -75.65135735     0.00000000     0.00001461 
546   2   -85.00596806   -75.65135735    -0.00000000     0.00001257 
547  18   -85.00596806   -75.65135735    -0.00000000     0.00001234 
548   5   -85.00596806   -75.65135735    -0.00000000     0.00001714 
549   1   -85.00596806   -75.65135735     0.00000000     0.00001230 
550   6   -85.00596806   -75.65135736    -0.00000000     0.00001223 
551   3   -85.00596806   -75.65135736    -0.00000000     0.00001220 
552   3   -85.00596806   -75.65135736    -0.00000000     0.00001227 
553   1   -85.00596806   -75.65135736    -0.00000000     0.00001228 
554   1   -85.00596806   -75.65135736    -0.00000000     0.00001229 
555   1   -85.00596806   -75.65135736    -0.00000000     0.00001230 
556   1   -85.00596806   -75.65135736    -0.00000000     0.00001231 
557   1   -85.00596806   -75.65135736    -0.00000000     0.00001232 
558   1   -85.00596806   -75.65135736    -0.00000000     0.00001233 
559   1   -85.00596806   -75.65135736    -0.00000000     0.00001233 
560   1   -85.00596806   -75.65135736    -0.00000000     0.00001234 
561   1   -85.00596806   -75.65135736    -0.00000000     0.00001234 
562   1   -85.00596806   -75.65135736    -0.00000000     0.00001234 
563   1   -85.00596806   -75.65135736    -0.00000000     0.00001232 
564   1   -85.00596806   -75.65135736    -0.00000000     0.00001229 
565   3   -85.00596806   -75.65135736     0.00000000     0.00001270 
566   7   -85.00596806   -75.65135736    -0.00000000     0.00001211 
567   4   -85.00596806   -75.65135736    -0.00000000     0.00001251 
568   1   -85.00596806   -75.65135736    -0.00000000     0.00001205 
569   5   -85.00596806   -75.65135736    -0.00000000     0.00001330 
570   3   -85.00596806   -75.65135736    -0.00000000     0.00001198 
571   6   -85.00596806   -75.65135736    -0.00000000     0.00001190 
572   5   -85.00596806   -75.65135736     0.00000000     0.00001449 
573   5   -85.00596806   -75.65135736    -0.00000000     0.00001195 
574   1   -85.00596806   -75.65135736    -0.00000000     0.00001196 
575   1   -85.00596806   -75.65135736    -0.00000000     0.00001197 
576   1   -85.00596806   -75.65135736    -0.00000000     0.00001198 
577   1   -85.00596806   -75.65135736    -0.00000000     0.00001199 
578   1   -85.00596806   -75.65135736    -0.00000000     0.00001199 
579   1   -85.00596806   -75.65135736    -0.00000000     0.00001200 
580   1   -85.00596806   -75.65135736    -0.00000000     0.00001200 
581   1   -85.00596806   -75.65135736    -0.00000000     0.00001200 
582   1   -85.00596806   -75.65135736    -0.00000000     0.00001200 
583   1   -85.00596806   -75.65135736    -0.00000000     0.00001200 
584   1   -85.00596806   -75.65135736    -0.00000000     0.00001200 
585   1   -85.00596806   -75.65135736    -0.00000000     0.00001200 
586   1   -85.00596806   -75.65135736    -0.00000000     0.00001200 
587   1   -85.00596806   -75.65135736    -0.00000000     0.00001197 
588   1   -85.00596806   -75.65135736    -0.00000000     0.00001195 
589   8   -85.00596806   -75.65135736    -0.00000000     0.00001181 
590   1   -85.00596806   -75.65135736    -0.00000000     0.00001533 
591   2   -85.00596806   -75.65135736    -0.00000000     0.00001450 
592   1   -85.00596806   -75.65135736    -0.00000000     0.00001176 
593   4   -85.00596806   -75.65135736    -0.00000000     0.00001260 
594   1   -85.00596806   -75.65135736    -0.00000000     0.00001171 
595   1   -85.00596806   -75.65135736     0.00000000     0.00001372 
596   5   -85.00596806   -75.65135736    -0.00000000     0.00001164 
597   8   -85.00596807   -75.65135736    -0.00000000     0.00001176 
598   3   -85.00596807   -75.65135736    -0.00000000     0.00001161 
599   1   -85.00596807   -75.65135736    -0.00000000     0.00001163 
600   1   -85.00596807   -75.65135736    -0.00000000     0.00001164 
601   1   -85.00596807   -75.65135736    -0.00000000     0.00001165 
602   1   -85.00596807   -75.65135736    -0.00000000     0.00001166 
603   1   -85.00596807   -75.65135736    -0.00000000     0.00001167 
604   1   -85.00596807   -75.65135736    -0.00000000     0.00001167 
605   1   -85.00596807   -75.65135736    -0.00000000     0.00001168 
606   1   -85.00596807   -75.65135736    -0.00000000     0.00001168 
607   1   -85.00596807   -75.65135736    -0.00000000     0.00001169 
608   1   -85.00596807   -75.65135736    -0.00000000     0.00001166 
609   1   -85.00596807   -75.65135736    -0.00000000     0.00001164 
610   4   -85.00596807   -75.65135736     0.00000000     0.00001527 
611   6   -85.00596807   -75.65135736    -0.00000000     0.00001503 
612   2   -85.00596807   -75.65135736    -0.00000000     0.00001574 
613   1   -85.00596807   -75.65135736     0.00000000     0.00001144 
614   1   -85.00596807   -75.65135736    -0.00000000     0.00001240 
615   2   -85.00596807   -75.65135736    -0.00000000     0.00001332 
616   2   -85.00596807   -75.65135736     0.00000000     0.00001140 
617   2   -85.00596807   -75.65135736    -0.00000000     0.00001489 
618   2   -85.00596807   -75.65135736    -0.00000000     0.00001137 
619   4   -85.00596807   -75.65135736    -0.00000000     0.00001142 
620   1   -85.00596807   -75.65135736    -0.00000000     0.00001144 
621   1   -85.00596807   -75.65135736    -0.00000000     0.00001144 
622   1   -85.00596807   -75.65135736    -0.00000000     0.00001145 
623   1   -85.00596807   -75.65135736    -0.00000000     0.00001145 
624   1   -85.00596807   -75.65135736    -0.00000000     0.00001146 
625   1   -85.00596807   -75.65135736    -0.00000000     0.00001146 
626   1   -85.00596807   -75.65135736    -0.00000000     0.00001147 
627   1   -85.00596807   -75.65135736    -0.00000000     0.00001147 
628   1   -85.00596807   -75.65135736    -0.00000000     0.00001147 
629   1   -85.00596807   -75.65135736    -0.00000000     0.00001147 
630   1   -85.00596807   -75.65135736    -0.00000000     0.00001148 
631   1   -85.00596807   -75.65135736    -0.00000000     0.00001148 
632   1   -85.00596807   -75.65135736    -0.00000000     0.00001148 
633   1   -85.00596807   -75.65135736    -0.00000000     0.00001145 
634   1   -85.00596807   -75.65135736    -0.00000000     0.00001143 
635  11   -85.00596807   -75.65135736    -0.00000000     0.00001311 
636   3   -85.00596807   -75.65135737    -0.00000000     0.00001462 
637   2   -85.00596807   -75.65135737    -0.00000000     0.00001277 
638   2   -85.00596807   -75.65135737     0.00000000     0.00001720 
639   3   -85.00596807   -75.65135737    -0.00000000     0.00001210 
640   7   -85.00596807   -75.65135737    -0.00000000     0.00001213 
641   2   -85.00596807   -75.65135737    -0.00000000     0.00001523 
642   1   -85.00596807   -75.65135737    -0.00000000     0.00001358 
643   6   -85.00596807   -75.65135737    -0.00000000     0.00001152 
644   1   -85.00596807   -75.65135737    -0.00000000     0.00001101 
645   4   -85.00596807   -75.65135737    -0.00000000     0.00001106 
646   1   -85.00596807   -75.65135737    -0.00000000     0.00001108 
647   1   -85.00596807   -75.65135737    -0.00000000     0.00001108 
648   1   -85.00596807   -75.65135737    -0.00000000     0.00001109 
649   1   -85.00596807   -75.65135737    -0.00000000     0.00001109 
650   1   -85.00596807   -75.65135737    -0.00000000     0.00001110 
651   1   -85.00596807   -75.65135737    -0.00000000     0.00001110 
652   1   -85.00596807   -75.65135737    -0.00000000     0.00001111 
653   1   -85.00596807   -75.65135737    -0.00000000     0.00001111 
654   1   -85.00596807   -75.65135737    -0.00000000     0.00001111 
655   1   -85.00596807   -75.65135737    -0.00000000     0.00001109 
656   1   -85.00596807   -75.65135737     0.00000000     0.00001166 
657   1   -85.00596807   -75.65135737     0.00000000     0.00001105 
658   3   -85.00596807   -75.65135737     0.00000000     0.00001477 
659   1   -85.00596807   -75.65135737    -0.00000000     0.00001128 
660   1   -85.00596807   -75.65135737     0.00000000     0.00001363 
661   2   -85.00596807   -75.65135737     0.00000000     0.00001331 
662   1   -85.00596807   -75.65135737    -0.00000000     0.00001483 
663   4   -85.00596807   -75.65135737    -0.00000000     0.00001614 
664   1   -85.00596807   -75.65135737     0.00000000     0.00001240 
665   3   -85.00596807   -75.65135737    -0.00000000     0.00001129 
666   1   -85.00596807   -75.65135737    -0.00000000     0.00001093 
667   1   -85.00596807   -75.65135737    -0.00000000     0.00001094 
668   1   -85.00596807   -75.65135737    -0.00000000     0.00001094 
669   1   -85.00596807   -75.65135737    -0.00000000     0.00001095 
670   1   -85.00596807   -75.65135737    -0.00000000     0.00001095 
671   1   -85.00596807   -75.65135737    -0.00000000     0.00001096 
672   1   -85.00596807   -75.65135737    -0.00000000     0.00001096 
673   1   -85.00596807   -75.65135737    -0.00000000     0.00001097 
674   1   -85.00596807   -75.65135737    -0.00000000     0.00001097 
675   1   -85.00596807   -75.65135737    -0.00000000     0.00001097 
676   1   -85.00596807   -75.65135737    -0.00000000     0.00001095 
677   1   -85.00596807   -75.65135737    -0.00000000     0.00001093 
678   1   -85.00596807   -75.65135737    -0.00000000     0.00001090 
679   1   -85.00596807   -75.65135737    -0.00000000     0.00001089 
680   5   -85.00596807   -75.65135737     0.00000000     0.00001081 
681   3   -85.00596807   -75.65135737     0.00000000     0.00001259 
682   3   -85.00596807   -75.65135737    -0.00000000     0.00001494 
683   1   -85.00596807   -75.65135737    -0.00000000     0.00001369 
684   2   -85.00596807   -75.65135737    -0.00000000     0.00001573 
685   8   -85.00596807   -75.65135737    -0.00000000     0.00001365 
686   4   -85.00596807   -75.65135737    -0.00000000     0.00001104 
687   1   -85.00596807   -75.65135737    -0.00000000     0.00001070 
688   1   -85.00596807   -75.65135737    -0.00000000     0.00001071 
689   1   -85.00596807   -75.65135737    -0.00000000     0.00001072 
690   1   -85.00596807   -75.65135737    -0.00000000     0.00001072 
691   1   -85.00596807   -75.65135737    -0.00000000     0.00001073 
692   1   -85.00596807   -75.65135737    -0.00000000     0.00001073 
693   1   -85.00596807   -75.65135737    -0.00000000     0.00001074 
694   1   -85.00596807   -75.65135737    -0.00000000     0.00001074 
695   1   -85.00596807   -75.65135737    -0.00000000     0.00001075 
696   1   -85.00596807   -75.65135737    -0.00000000     0.00001072 
697   8   -85.00596807   -75.65135737     0.00000000     0.00001263 
698   3   -85.00596808   -75.65135737    -0.00000000     0.00001339 
699   1   -85.00596808   -75.65135737    -0.00000000     0.00001055 
700   9   -85.00596808   -75.65135737    -0.00000000     0.00001356 
701   5   -85.00596808   -75.65135737    -0.00000000     0.00001041 
702   2   -85.00596808   -75.65135737     0.00000000     0.00001108 
703   1   -85.00596808   -75.65135737     0.00000000     0.00001397 
704   9   -85.00596808   -75.65135737    -0.00000000     0.00001358 
705   2   -85.00596808   -75.65135737    -0.00000000     0.00001031 
706   2   -85.00596808   -75.65135737    -0.00000000     0.00001034 
707   1   -85.00596808   -75.65135737    -0.00000000     0.00001035 
708   1   -85.00596808   -75.65135737    -0.00000000     0.00001037 
709   1   -85.00596808   -75.65135737    -0.00000000     0.00001037 
710   1   -85.00596808   -75.65135737    -0.00000000     0.00001038 
711   1   -85.00596808   -75.65135737    -0.00000000     0.00001039 
712   1   -85.00596808   -75.65135737    -0.00000000     0.00001039 
713   1   -85.00596808   -75.65135737    -0.00000000     0.00001040 
714   1   -85.00596808   -75.65135737    -0.00000000     0.00001040 
715   1   -85.00596808   -75.65135737    -0.00000000     0.00001040 
716   1   -85.00596808   -75.65135737    -0.00000000     0.00001038 
717   1   -85.00596808   -75.65135737     0.00000000     0.00001081 
718   8   -85.00596808   -75.65135737    -0.00000000     0.00001123 
719   3   -85.00596808   -75.65135737     0.00000000     0.00001565 
720   7   -85.00596808   -75.65135738    -0.00000000     0.00001042 
721   5   -85.00596808   -75.65135738    -0.00000000     0.00001460 
722   2   -85.00596808   -75.65135738    -0.00000000     0.00001247 
723   2   -85.00596808   -75.65135738     0.00000000     0.00001238 
724   1   -85.00596808   -75.65135738    -0.00000000     0.00001445 
725   4   -85.00596808   -75.65135738    -0.00000000     0.00001707 
726   2   -85.00596808   -75.65135738    -0.00000000     0.00001460 
727   4   -85.00596808   -75.65135738    -0.00000000     0.00001073 
728   1   -85.00596808   -75.65135738    -0.00000000     0.00001015 
729   1   -85.00596808   -75.65135738    -0.00000000     0.00001009 
730   1   -85.00596808   -75.65135738    -0.00000000     0.00001010 
731   1   -85.00596808   -75.65135738    -0.00000000     0.00001010 
732   1   -85.00596808   -75.65135738    -0.00000000     0.00001011 
733   1   -85.00596808   -75.65135738    -0.00000000     0.00001011 
734   1   -85.00596808   -75.65135738    -0.00000000     0.00001012 
735   1   -85.00596808   -75.65135738    -0.00000000     0.00001012 
736   1   -85.00596808   -75.65135738    -0.00000000     0.00001012 
737   1   -85.00596808   -75.65135738    -0.00000000     0.00001013 
738   1   -85.00596808   -75.65135738    -0.00000000     0.00001013 
739   1   -85.00596808   -75.65135738    -0.00000000     0.00001010 
740   1   -85.00596808   -75.65135738    -0.00000000     0.00001009 
741   3   -85.00596808   -75.65135738     0.00000000     0.00001363 
742   2   -85.00596808   -75.65135738    -0.00000000     0.00001395 
743  30   -85.00596809   -75.65135739    -0.00000001     0.00002462 
744  11   -85.00596810   -75.65135739    -0.00000000     0.00001949 
745   2   -85.00596810   -75.65135739    -0.00000000     0.00002015 
746   6   -85.00596810   -75.65135740    -0.00000000     0.00001492 
747   1   -85.00596810   -75.65135740    -0.00000000     0.00001368 
748   9   -85.00596810   -75.65135740    -0.00000000     0.00001442 
749   1   -85.00596810   -75.65135740    -0.00000000     0.00001332 
750   6   -85.00596810   -75.65135740    -0.00000000     0.00000597 
751   0   -85.00596810   -75.65135740    -0.00000000     0.00000597 
 
RESULTS OF THE OCCUPATION OPTIMIZATION
========================================
 1    2.0000000  -20.40820633 
 2    1.9941435  -0.74860123 
 3    1.9771238  -0.80694264 
 4    1.9771241  -0.80694691 
 5    1.9941334  -0.74742480 
 6    0.0058666  -0.00737905 
 7    0.0228759  -0.02030098 
 8    0.0228762  -0.02030115 
 9    0.0058565  -0.00737300 
----------------
 Final Energies 
----------------
       HF Total Energy =     -75.5842871
Final NOF Total Energy =     -75.6513574
    Correlation Energy =      -0.0670703
 
 
